24
3
9
1
3
33
27
7
32
16
17
14
21
15
34
35
9
2
1
15
7
25
22
15
11
1
14
18
36
26
21
1
34
10
35
10
11
18
0
30
36
12
29
26
6
11
5
24
23
24
22
27
28
35
17
34
8
35
9
20
32
0
7
11
11
3
29
23
4
19
32
1
4
31
19
27
30
9
4
34
19
8
36
10
2
12
26
4
17
35
6
17
5
30
4
23
6
3
31
8
10
30
19
0
31
23
6
30
27
30
7
21
15
16
6
36
17
17
18
12
29
24
2
0
2
30
20
26
28
20
19
13
32
2
23
10
18
29
7
28
32
31
5
0
8
29
23
12
33
34
18
4
1
6
32
9
6
27
3
10
31
3
3
27
5
23
29
35
30
1
5
25
4
4
17
5
30
16
2
28
25
4
34
36
30
35
1
28
11
10
13
32
32
8
3
33
26
2
30
29
10
3
17
27
0
7
27
27
33
11
19
7
12
15
10
16
19
32
6
11
10
28
15
5
28
14
16
20
19
20
36
30
26
12
20
3
14
23
6
9
33
19
16
25
9
32
35
17
34
33
17
4
19
3
25
35
23
11
9
30
13
6
25
29
33
21
15
35
34
4
7
4
6
20
34
11
25
19
20
11
36
11
14
31
11
24
27
32
16
27
6
14
35
28
32
9
16
17
25
23
2
34
23
1
23
23
0
18
34
13
31
33
0
4
19
7
36
6
29
13
4
34
14
22
8
20
20
20
18
30
32
26
1
35
0
34
10
26
7
5
4
28
26
35
29
10
19
21
25
11
24
3
11
6
27
21
7
6
11
0
7
26
11
22
29
31
35
25
32
33
19
26
8
17
20
13
23
24
35
22
30
21
4
1
2
3
5
29
33
16
3
35
25
6
5
7
29
17
14
31
8
12
30
1
20
11
34
23
4
12
28
32
9
8
9
36
0
26
35
24
17
10
29
22
20
1
3
8
19
5
35
0
20
12
31
19
17
15
6
27
14
4
19
31
0
3
5
24
9
28
20
2
6
14
8
28
2
22
6
31
12
10
6
0
18
29
4
21
14
0
1
28
18
7
2
9
22
0
27
30
5
7
23
17
34
26
0
